# KEYSIGHT TECHNOLOGIES,MSO-X 3024T,MY58262555,07.30.2019051434
# time,1
# 2024-07-24 15:48:34.327901
0.000000000000000000e+00,-7.467340000000000089e-02
2.002002002002001797e-09,-7.467340000000000089e-02
4.004004004004003593e-09,-7.467340000000000089e-02
6.006006006006005804e-09,-7.467340000000000089e-02
8.008008008008007187e-09,-7.467340000000000089e-02
1.001001001001000857e-08,-6.663320000000000354e-02
1.201201201201201161e-08,-7.467340000000000089e-02
1.401401401401401299e-08,-7.467340000000000089e-02
1.601601601601601437e-08,-7.467340000000000089e-02
1.801801801801801741e-08,-7.467340000000000089e-02
2.002002002002001714e-08,-7.467340000000000089e-02
2.202202202202202018e-08,-7.467340000000000089e-02
2.402402402402402322e-08,-7.467340000000000089e-02
2.602602602602602294e-08,-7.467340000000000089e-02
2.802802802802802598e-08,-7.467340000000000089e-02
3.003003003003002571e-08,-7.467340000000000089e-02
3.203203203203202875e-08,-7.467340000000000089e-02
3.403403403403403179e-08,-7.467340000000000089e-02
3.603603603603603482e-08,-6.663320000000000354e-02
3.803803803803803124e-08,-7.467340000000000089e-02
4.004004004004003428e-08,-7.467340000000000089e-02
4.204204204204203732e-08,-7.467340000000000089e-02
4.404404404404404036e-08,-7.467340000000000089e-02
4.604604604604604339e-08,-7.467340000000000089e-02
4.804804804804804643e-08,-6.663320000000000354e-02
5.005005005005004285e-08,-6.663320000000000354e-02
5.205205205205204589e-08,-7.467340000000000089e-02
5.405405405405404893e-08,-6.663320000000000354e-02
5.605605605605605196e-08,-6.663320000000000354e-02
5.805805805805805500e-08,-6.663320000000000354e-02
6.006006006006005142e-08,-6.663320000000000354e-02
6.206206206206205446e-08,-6.663320000000000354e-02
6.406406406406405750e-08,-6.663320000000000354e-02
6.606606606606606053e-08,-6.663320000000000354e-02
6.806806806806806357e-08,-6.663320000000000354e-02
7.007007007007006661e-08,-6.663320000000000354e-02
7.207207207207206965e-08,-5.859299999999999925e-02
7.407407407407407268e-08,-5.859299999999999925e-02
7.607607607607606249e-08,-6.663320000000000354e-02
7.807807807807806552e-08,-6.663320000000000354e-02
8.008008008008006856e-08,-5.859299999999999925e-02
8.208208208208207160e-08,-5.859299999999999925e-02
8.408408408408407464e-08,-5.859299999999999925e-02
8.608608608608607767e-08,-5.859299999999999925e-02
8.808808808808808071e-08,-5.859299999999999925e-02
9.009009009009008375e-08,-5.055280000000000190e-02
9.209209209209208679e-08,-5.055280000000000190e-02
9.409409409409408982e-08,-5.859299999999999925e-02
9.609609609609609286e-08,-5.055280000000000190e-02
9.809809809809808266e-08,-5.055280000000000190e-02
1.001001001001000857e-07,-5.055280000000000190e-02
1.021021021021020887e-07,-5.055280000000000190e-02
1.041041041041040918e-07,-5.055280000000000190e-02
1.061061061061060948e-07,-5.055280000000000190e-02
1.081081081081080979e-07,-5.055280000000000190e-02
1.101101101101101009e-07,-5.055280000000000190e-02
1.121121121121121039e-07,-4.251259999999999761e-02
1.141141141141141070e-07,-4.251259999999999761e-02
1.161161161161161100e-07,-4.251259999999999761e-02
1.181181181181180998e-07,-4.251259999999999761e-02
1.201201201201201028e-07,-4.251259999999999761e-02
1.221221221221221191e-07,-4.251259999999999761e-02
1.241241241241241089e-07,-3.447240000000000026e-02
1.261261261261261252e-07,-3.447240000000000026e-02
1.281281281281281150e-07,-3.447240000000000026e-02
1.301301301301301048e-07,-3.447240000000000026e-02
1.321321321321321211e-07,-3.447240000000000026e-02
1.341341341341341109e-07,-3.447240000000000026e-02
1.361361361361361271e-07,-3.447240000000000026e-02
1.381381381381381169e-07,-3.447240000000000026e-02
1.401401401401401332e-07,-3.447240000000000026e-02
1.421421421421421230e-07,-3.447240000000000026e-02
1.441441441441441393e-07,-2.643219999999999945e-02
1.461461461461461291e-07,-2.643219999999999945e-02
1.481481481481481454e-07,-2.643219999999999945e-02
1.501501501501501352e-07,-2.643219999999999945e-02
1.521521521521521250e-07,-2.643219999999999945e-02
1.541541541541541412e-07,-2.643219999999999945e-02
1.561561561561561310e-07,-2.643219999999999945e-02
1.581581581581581473e-07,-2.643219999999999945e-02
1.601601601601601371e-07,-2.643219999999999945e-02
1.621621621621621534e-07,-2.643219999999999945e-02
1.641641641641641432e-07,-1.839199999999999863e-02
1.661661661661661595e-07,-2.643219999999999945e-02
1.681681681681681493e-07,-2.643219999999999945e-02
1.701701701701701655e-07,-1.839199999999999863e-02
1.721721721721721553e-07,-1.839199999999999863e-02
1.741741741741741451e-07,-1.839199999999999863e-02
1.761761761761761614e-07,-1.839199999999999863e-02
1.781781781781781512e-07,-1.839199999999999863e-02
1.801801801801801675e-07,-1.839199999999999863e-02
1.821821821821821573e-07,-1.839199999999999863e-02
1.841841841841841736e-07,-1.839199999999999863e-02
1.861861861861861634e-07,-1.035179999999999954e-02
1.881881881881881796e-07,-1.839199999999999863e-02
1.901901901901901694e-07,-1.035179999999999954e-02
1.921921921921921857e-07,-1.035179999999999954e-02
1.941941941941941755e-07,-1.035179999999999954e-02
1.961961961961961653e-07,-2.311559999999999830e-03
1.981981981981981816e-07,-1.035179999999999954e-02
2.002002002002001714e-07,-2.311559999999999830e-03
2.022022022022021877e-07,-1.035179999999999954e-02
2.042042042042041775e-07,-2.311559999999999830e-03
2.062062062062061937e-07,-1.035179999999999954e-02
2.082082082082081836e-07,-1.035179999999999954e-02
2.102102102102101998e-07,-1.035179999999999954e-02
2.122122122122121896e-07,-1.035179999999999954e-02
2.142142142142141794e-07,-2.311559999999999830e-03
2.162162162162161957e-07,-1.035179999999999954e-02
2.182182182182181855e-07,-1.035179999999999954e-02
2.202202202202202018e-07,-1.035179999999999954e-02
2.222222222222221916e-07,-2.311559999999999830e-03
2.242242242242242079e-07,-2.311559999999999830e-03
2.262262262262261977e-07,-2.311559999999999830e-03
2.282282282282282139e-07,-2.311559999999999830e-03
2.302302302302302037e-07,-2.311559999999999830e-03
2.322322322322322200e-07,-2.311559999999999830e-03
2.342342342342342098e-07,-2.311559999999999830e-03
2.362362362362361996e-07,-2.311559999999999830e-03
2.382382382382382159e-07,-2.311559999999999830e-03
2.402402402402402057e-07,-2.311559999999999830e-03
2.422422422422422220e-07,-2.311559999999999830e-03
2.442442442442442382e-07,-2.311559999999999830e-03
2.462462462462462016e-07,-2.311559999999999830e-03
2.482482482482482178e-07,-2.311559999999999830e-03
2.502502502502502341e-07,-2.311559999999999830e-03
2.522522522522522504e-07,-2.311559999999999830e-03
2.542542542542542137e-07,-2.311559999999999830e-03
2.562562562562562300e-07,-2.311559999999999830e-03
2.582582582582582463e-07,5.728630000000000180e-03
2.602602602602602096e-07,5.728630000000000180e-03
2.622622622622622259e-07,-2.311559999999999830e-03
2.642642642642642421e-07,-2.311559999999999830e-03
2.662662662662662584e-07,5.728630000000000180e-03
2.682682682682682217e-07,-2.311559999999999830e-03
2.702702702702702380e-07,-2.311559999999999830e-03
2.722722722722722543e-07,5.728630000000000180e-03
2.742742742742742706e-07,-2.311559999999999830e-03
2.762762762762762339e-07,-2.311559999999999830e-03
2.782782782782782502e-07,-2.311559999999999830e-03
2.802802802802802664e-07,5.728630000000000180e-03
2.822822822822822298e-07,-2.311559999999999830e-03
2.842842842842842460e-07,5.728630000000000180e-03
2.862862862862862623e-07,-2.311559999999999830e-03
2.882882882882882786e-07,5.728630000000000180e-03
2.902902902902902419e-07,5.728630000000000180e-03
2.922922922922922582e-07,-2.311559999999999830e-03
2.942942942942942745e-07,-2.311559999999999830e-03
2.962962962962962907e-07,5.728630000000000180e-03
2.982982982982982541e-07,5.728630000000000180e-03
3.003003003003002703e-07,5.728630000000000180e-03
3.023023023023022866e-07,5.728630000000000180e-03
3.043043043043042499e-07,5.728630000000000180e-03
3.063063063063062662e-07,5.728630000000000180e-03
3.083083083083082825e-07,5.728630000000000180e-03
3.103103103103102988e-07,5.728630000000000180e-03
3.123123123123122621e-07,-2.311559999999999830e-03
3.143143143143142784e-07,5.728630000000000180e-03
3.163163163163162946e-07,5.728630000000000180e-03
3.183183183183183109e-07,5.728630000000000180e-03
3.203203203203202742e-07,5.728630000000000180e-03
3.223223223223222905e-07,5.728630000000000180e-03
3.243243243243243068e-07,5.728630000000000180e-03
3.263263263263262701e-07,5.728630000000000180e-03
3.283283283283282864e-07,5.728630000000000180e-03
3.303303303303303027e-07,5.728630000000000180e-03
3.323323323323323189e-07,5.728630000000000180e-03
3.343343343343342823e-07,5.728630000000000180e-03
3.363363363363362985e-07,1.376879999999999944e-02
3.383383383383383148e-07,5.728630000000000180e-03
3.403403403403403311e-07,5.728630000000000180e-03
3.423423423423422944e-07,5.728630000000000180e-03
3.443443443443443107e-07,5.728630000000000180e-03
3.463463463463463270e-07,5.728630000000000180e-03
3.483483483483482903e-07,5.728630000000000180e-03
3.503503503503503066e-07,5.728630000000000180e-03
3.523523523523523228e-07,5.728630000000000180e-03
3.543543543543543391e-07,5.728630000000000180e-03
3.563563563563563024e-07,5.728630000000000180e-03
3.583583583583583187e-07,5.728630000000000180e-03
3.603603603603603350e-07,5.728630000000000180e-03
3.623623623623623513e-07,1.376879999999999944e-02
3.643643643643643146e-07,5.728630000000000180e-03
3.663663663663663309e-07,5.728630000000000180e-03
3.683683683683683471e-07,1.376879999999999944e-02
3.703703703703703105e-07,5.728630000000000180e-03
3.723723723723723267e-07,5.728630000000000180e-03
3.743743743743743430e-07,5.728630000000000180e-03
3.763763763763763593e-07,5.728630000000000180e-03
3.783783783783783226e-07,5.728630000000000180e-03
3.803803803803803389e-07,1.376879999999999944e-02
3.823823823823823552e-07,5.728630000000000180e-03
3.843843843843843714e-07,1.376879999999999944e-02
3.863863863863863348e-07,5.728630000000000180e-03
3.883883883883883510e-07,5.728630000000000180e-03
3.903903903903903673e-07,5.728630000000000180e-03
3.923923923923923307e-07,5.728630000000000180e-03
3.943943943943943469e-07,1.376879999999999944e-02
3.963963963963963632e-07,5.728630000000000180e-03
3.983983983983983795e-07,5.728630000000000180e-03
4.004004004004003428e-07,5.728630000000000180e-03
4.024024024024023591e-07,5.728630000000000180e-03
4.044044044044043753e-07,5.728630000000000180e-03
4.064064064064063387e-07,5.728630000000000180e-03
4.084084084084083550e-07,5.728630000000000180e-03
4.104104104104103712e-07,5.728630000000000180e-03
4.124124124124123875e-07,5.728630000000000180e-03
4.144144144144143508e-07,5.728630000000000180e-03
4.164164164164163671e-07,5.728630000000000180e-03
4.184184184184183834e-07,5.728630000000000180e-03
4.204204204204203996e-07,5.728630000000000180e-03
4.224224224224223630e-07,5.728630000000000180e-03
4.244244244244243793e-07,5.728630000000000180e-03
4.264264264264263955e-07,5.728630000000000180e-03
4.284284284284283589e-07,5.728630000000000180e-03
4.304304304304303751e-07,5.728630000000000180e-03
4.324324324324323914e-07,5.728630000000000180e-03
4.344344344344344077e-07,5.728630000000000180e-03
4.364364364364363710e-07,5.728630000000000180e-03
4.384384384384383873e-07,5.728630000000000180e-03
4.404404404404404036e-07,5.728630000000000180e-03
4.424424424424424198e-07,-2.311559999999999830e-03
4.444444444444443832e-07,5.728630000000000180e-03
4.464464464464463994e-07,-2.311559999999999830e-03
4.484484484484484157e-07,-2.311559999999999830e-03
4.504504504504503790e-07,5.728630000000000180e-03
4.524524524524523953e-07,-2.311559999999999830e-03
4.544544544544544116e-07,5.728630000000000180e-03
4.564564564564564279e-07,5.728630000000000180e-03
4.584584584584583912e-07,5.728630000000000180e-03
4.604604604604604075e-07,5.728630000000000180e-03
4.624624624624624237e-07,5.728630000000000180e-03
4.644644644644644400e-07,5.728630000000000180e-03
4.664664664664664033e-07,5.728630000000000180e-03
4.684684684684684196e-07,5.728630000000000180e-03
4.704704704704704359e-07,5.728630000000000180e-03
4.724724724724723992e-07,-2.311559999999999830e-03
4.744744744744744155e-07,5.728630000000000180e-03
4.764764764764764318e-07,5.728630000000000180e-03
4.784784784784784480e-07,-2.311559999999999830e-03
4.804804804804804114e-07,-2.311559999999999830e-03
4.824824824824824806e-07,5.728630000000000180e-03
4.844844844844844439e-07,5.728630000000000180e-03
4.864864864864864072e-07,-2.311559999999999830e-03
4.884884884884884765e-07,5.728630000000000180e-03
4.904904904904904398e-07,5.728630000000000180e-03
4.924924924924924031e-07,5.728630000000000180e-03
4.944944944944944723e-07,-2.311559999999999830e-03
4.964964964964964357e-07,5.728630000000000180e-03
4.984984984984983990e-07,-2.311559999999999830e-03
5.005005005005004682e-07,5.728630000000000180e-03
5.025025025025024315e-07,5.728630000000000180e-03
5.045045045045045008e-07,5.728630000000000180e-03
5.065065065065064641e-07,-2.311559999999999830e-03
5.085085085085084274e-07,5.728630000000000180e-03
5.105105105105104966e-07,5.728630000000000180e-03
5.125125125125124600e-07,-2.311559999999999830e-03
5.145145145145144233e-07,-2.311559999999999830e-03
5.165165165165164925e-07,-2.311559999999999830e-03
5.185185185185184558e-07,5.728630000000000180e-03
5.205205205205204192e-07,5.728630000000000180e-03
5.225225225225224884e-07,5.728630000000000180e-03
5.245245245245244517e-07,5.728630000000000180e-03
5.265265265265265209e-07,5.728630000000000180e-03
5.285285285285284843e-07,5.728630000000000180e-03
5.305305305305304476e-07,-2.311559999999999830e-03
5.325325325325325168e-07,5.728630000000000180e-03
5.345345345345344801e-07,5.728630000000000180e-03
5.365365365365364435e-07,5.728630000000000180e-03
5.385385385385385127e-07,-2.311559999999999830e-03
5.405405405405404760e-07,5.728630000000000180e-03
5.425425425425424394e-07,-2.311559999999999830e-03
5.445445445445445086e-07,5.728630000000000180e-03
5.465465465465464719e-07,5.728630000000000180e-03
5.485485485485485411e-07,-2.311559999999999830e-03
5.505505505505505044e-07,5.728630000000000180e-03
5.525525525525524678e-07,5.728630000000000180e-03
5.545545545545545370e-07,-2.311559999999999830e-03
5.565565565565565003e-07,-2.311559999999999830e-03
5.585585585585584637e-07,-2.311559999999999830e-03
5.605605605605605329e-07,-2.311559999999999830e-03
5.625625625625624962e-07,-2.311559999999999830e-03
5.645645645645644595e-07,-2.311559999999999830e-03
5.665665665665665287e-07,5.728630000000000180e-03
5.685685685685684921e-07,-2.311559999999999830e-03
5.705705705705705613e-07,-2.311559999999999830e-03
5.725725725725725246e-07,-2.311559999999999830e-03
5.745745745745744880e-07,5.728630000000000180e-03
5.765765765765765572e-07,-2.311559999999999830e-03
5.785785785785785205e-07,5.728630000000000180e-03
5.805805805805804838e-07,-2.311559999999999830e-03
5.825825825825825530e-07,-2.311559999999999830e-03
5.845845845845845164e-07,5.728630000000000180e-03
5.865865865865864797e-07,-2.311559999999999830e-03
5.885885885885885489e-07,-2.311559999999999830e-03
5.905905905905905123e-07,-2.311559999999999830e-03
5.925925925925925815e-07,-2.311559999999999830e-03
5.945945945945945448e-07,-2.311559999999999830e-03
5.965965965965965081e-07,-2.311559999999999830e-03
5.985985985985985773e-07,-2.311559999999999830e-03
6.006006006006005407e-07,-2.311559999999999830e-03
6.026026026026025040e-07,-2.311559999999999830e-03
6.046046046046045732e-07,-2.311559999999999830e-03
6.066066066066065366e-07,-2.311559999999999830e-03
6.086086086086084999e-07,-2.311559999999999830e-03
6.106106106106105691e-07,5.728630000000000180e-03
6.126126126126125324e-07,5.728630000000000180e-03
6.146146146146146016e-07,-2.311559999999999830e-03
6.166166166166165650e-07,-2.311559999999999830e-03
6.186186186186185283e-07,5.728630000000000180e-03
6.206206206206205975e-07,5.728630000000000180e-03
6.226226226226225609e-07,5.728630000000000180e-03
6.246246246246245242e-07,5.728630000000000180e-03
6.266266266266265934e-07,-2.311559999999999830e-03
6.286286286286285567e-07,-2.311559999999999830e-03
6.306306306306305201e-07,5.728630000000000180e-03
6.326326326326325893e-07,-2.311559999999999830e-03
6.346346346346345526e-07,-2.311559999999999830e-03
6.366366366366366218e-07,5.728630000000000180e-03
6.386386386386385852e-07,-2.311559999999999830e-03
6.406406406406405485e-07,-2.311559999999999830e-03
6.426426426426426177e-07,5.728630000000000180e-03
6.446446446446445810e-07,-2.311559999999999830e-03
6.466466466466465444e-07,-2.311559999999999830e-03
6.486486486486486136e-07,-2.311559999999999830e-03
6.506506506506505769e-07,5.728630000000000180e-03
6.526526526526525402e-07,-2.311559999999999830e-03
6.546546546546546095e-07,5.728630000000000180e-03
6.566566566566565728e-07,5.728630000000000180e-03
6.586586586586586420e-07,5.728630000000000180e-03
6.606606606606606053e-07,-2.311559999999999830e-03
6.626626626626625687e-07,5.728630000000000180e-03
6.646646646646646379e-07,5.728630000000000180e-03
6.666666666666666012e-07,5.728630000000000180e-03
6.686686686686685645e-07,5.728630000000000180e-03
6.706706706706706338e-07,5.728630000000000180e-03
6.726726726726725971e-07,5.728630000000000180e-03
6.746746746746745604e-07,5.728630000000000180e-03
6.766766766766766296e-07,5.728630000000000180e-03
6.786786786786785930e-07,5.728630000000000180e-03
6.806806806806806622e-07,5.728630000000000180e-03
6.826826826826826255e-07,5.728630000000000180e-03
6.846846846846845888e-07,-2.311559999999999830e-03
6.866866866866866581e-07,5.728630000000000180e-03
6.886886886886886214e-07,5.728630000000000180e-03
6.906906906906905847e-07,-2.311559999999999830e-03
6.926926926926926539e-07,-2.311559999999999830e-03
6.946946946946946173e-07,-2.311559999999999830e-03
6.966966966966965806e-07,5.728630000000000180e-03
6.986986986986986498e-07,-2.311559999999999830e-03
7.007007007007006131e-07,5.728630000000000180e-03
7.027027027027026824e-07,5.728630000000000180e-03
7.047047047047046457e-07,-2.311559999999999830e-03
7.067067067067066090e-07,-2.311559999999999830e-03
7.087087087087086782e-07,5.728630000000000180e-03
7.107107107107106416e-07,5.728630000000000180e-03
7.127127127127126049e-07,5.728630000000000180e-03
7.147147147147146741e-07,5.728630000000000180e-03
7.167167167167166374e-07,5.728630000000000180e-03
7.187187187187186008e-07,-2.311559999999999830e-03
7.207207207207206700e-07,5.728630000000000180e-03
7.227227227227226333e-07,-2.311559999999999830e-03
7.247247247247247025e-07,5.728630000000000180e-03
7.267267267267266659e-07,-2.311559999999999830e-03
7.287287287287286292e-07,5.728630000000000180e-03
7.307307307307306984e-07,-2.311559999999999830e-03
7.327327327327326617e-07,5.728630000000000180e-03
7.347347347347346251e-07,5.728630000000000180e-03
7.367367367367366943e-07,5.728630000000000180e-03
7.387387387387386576e-07,-2.311559999999999830e-03
7.407407407407406209e-07,5.728630000000000180e-03
7.427427427427426902e-07,-2.311559999999999830e-03
7.447447447447446535e-07,5.728630000000000180e-03
7.467467467467467227e-07,-2.311559999999999830e-03
7.487487487487486860e-07,-2.311559999999999830e-03
7.507507507507506494e-07,-2.311559999999999830e-03
7.527527527527527186e-07,-2.311559999999999830e-03
7.547547547547546819e-07,-2.311559999999999830e-03
7.567567567567566452e-07,5.728630000000000180e-03
7.587587587587587145e-07,-2.311559999999999830e-03
7.607607607607606778e-07,-2.311559999999999830e-03
7.627627627627626411e-07,-2.311559999999999830e-03
7.647647647647647103e-07,-2.311559999999999830e-03
7.667667667667666737e-07,5.728630000000000180e-03
7.687687687687687429e-07,-2.311559999999999830e-03
7.707707707707707062e-07,5.728630000000000180e-03
7.727727727727726695e-07,5.728630000000000180e-03
7.747747747747747388e-07,-2.311559999999999830e-03
7.767767767767767021e-07,5.728630000000000180e-03
7.787787787787786654e-07,-2.311559999999999830e-03
7.807807807807807346e-07,-2.311559999999999830e-03
7.827827827827826980e-07,-2.311559999999999830e-03
7.847847847847846613e-07,-2.311559999999999830e-03
7.867867867867867305e-07,-1.035179999999999954e-02
7.887887887887886938e-07,-1.035179999999999954e-02
7.907907907907906572e-07,-1.839199999999999863e-02
7.927927927927927264e-07,-1.035179999999999954e-02
7.947947947947946897e-07,-1.839199999999999863e-02
7.967967967967967589e-07,-2.643219999999999945e-02
7.987987987987987223e-07,-2.643219999999999945e-02
8.008008008008006856e-07,-2.643219999999999945e-02
8.028028028028027548e-07,-2.643219999999999945e-02
8.048048048048047181e-07,-3.447240000000000026e-02
8.068068068068066815e-07,-4.251259999999999761e-02
8.088088088088087507e-07,-4.251259999999999761e-02
8.108108108108107140e-07,-5.055280000000000190e-02
8.128128128128126774e-07,-5.859299999999999925e-02
8.148148148148147466e-07,-6.663320000000000354e-02
8.168168168168167099e-07,-7.467340000000000089e-02
8.188188188188187791e-07,-8.271359999999999824e-02
8.208208208208207424e-07,-9.075379999999999558e-02
8.228228228228227058e-07,-9.879400000000000681e-02
8.248248248248247750e-07,-9.879400000000000681e-02
8.268268268268267383e-07,-1.068339999999999984e-01
8.288288288288287017e-07,-1.148740000000000039e-01
8.308308308308307709e-07,-1.148740000000000039e-01
8.328328328328327342e-07,-1.229149999999999965e-01
8.348348348348346975e-07,-1.309549999999999881e-01
8.368368368368367667e-07,-1.389950000000000074e-01
8.388388388388387301e-07,-1.470349999999999990e-01
8.408408408408407993e-07,-1.550749999999999906e-01
8.428428428428427626e-07,-1.550749999999999906e-01
8.448448448448447260e-07,-1.631160000000000110e-01
8.468468468468467952e-07,-1.711560000000000026e-01
8.488488488488487585e-07,-1.711560000000000026e-01
8.508508508508507218e-07,-1.791959999999999942e-01
8.528528528528527910e-07,-1.872360000000000135e-01
8.548548548548547544e-07,-1.872360000000000135e-01
8.568568568568567177e-07,-1.952760000000000051e-01
8.588588588588587869e-07,-2.033169999999999977e-01
8.608608608608607503e-07,-1.952760000000000051e-01
8.628628628628628195e-07,-2.033169999999999977e-01
8.648648648648647828e-07,-2.113569999999999893e-01
8.668668668668667461e-07,-2.113569999999999893e-01
8.688688688688688153e-07,-2.113569999999999893e-01
8.708708708708707787e-07,-2.193970000000000087e-01
8.728728728728727420e-07,-2.193970000000000087e-01
8.748748748748748112e-07,-2.193970000000000087e-01
8.768768768768767746e-07,-2.274370000000000003e-01
8.788788788788787379e-07,-2.274370000000000003e-01
8.808808808808808071e-07,-2.274370000000000003e-01
8.828828828828827704e-07,-2.274370000000000003e-01
8.848848848848848396e-07,-2.354769999999999919e-01
8.868868868868868030e-07,-2.274370000000000003e-01
8.888888888888887663e-07,-2.354769999999999919e-01
8.908908908908908355e-07,-2.354769999999999919e-01
8.928928928928927989e-07,-2.354769999999999919e-01
8.948948948948947622e-07,-2.354769999999999919e-01
8.968968968968968314e-07,-2.435180000000000122e-01
8.988988988988987947e-07,-2.354769999999999919e-01
9.009009009009007581e-07,-2.354769999999999919e-01
9.029029029029028273e-07,-2.354769999999999919e-01
9.049049049049047906e-07,-2.354769999999999919e-01
9.069069069069068598e-07,-2.354769999999999919e-01
9.089089089089088232e-07,-2.354769999999999919e-01
9.109109109109107865e-07,-2.354769999999999919e-01
9.129129129129128557e-07,-2.354769999999999919e-01
9.149149149149148190e-07,-2.354769999999999919e-01
9.169169169169167824e-07,-2.274370000000000003e-01
9.189189189189188516e-07,-2.274370000000000003e-01
9.209209209209208149e-07,-2.274370000000000003e-01
9.229229229229227782e-07,-2.354769999999999919e-01
9.249249249249248475e-07,-2.274370000000000003e-01
9.269269269269268108e-07,-2.274370000000000003e-01
9.289289289289288800e-07,-2.274370000000000003e-01
9.309309309309308433e-07,-2.274370000000000003e-01
9.329329329329328067e-07,-2.274370000000000003e-01
9.349349349349348759e-07,-2.193970000000000087e-01
9.369369369369368392e-07,-2.193970000000000087e-01
9.389389389389388025e-07,-2.193970000000000087e-01
9.409409409409408718e-07,-2.113569999999999893e-01
9.429429429429428351e-07,-2.113569999999999893e-01
9.449449449449447984e-07,-2.113569999999999893e-01
9.469469469469468676e-07,-2.113569999999999893e-01
9.489489489489488310e-07,-2.033169999999999977e-01
9.509509509509509002e-07,-2.033169999999999977e-01
9.529529529529528635e-07,-2.033169999999999977e-01
9.549549549549549327e-07,-1.952760000000000051e-01
9.569569569569568961e-07,-1.952760000000000051e-01
9.589589589589588594e-07,-1.872360000000000135e-01
9.609609609609608227e-07,-1.872360000000000135e-01
9.629629629629627861e-07,-1.872360000000000135e-01
9.649649649649649611e-07,-1.872360000000000135e-01
9.669669669669669245e-07,-1.872360000000000135e-01
9.689689689689688878e-07,-1.791959999999999942e-01
9.709709709709708511e-07,-1.711560000000000026e-01
9.729729729729728145e-07,-1.711560000000000026e-01
9.749749749749747778e-07,-1.631160000000000110e-01
9.769769769769769529e-07,-1.631160000000000110e-01
9.789789789789789162e-07,-1.631160000000000110e-01
9.809809809809808796e-07,-1.631160000000000110e-01
9.829829829829828429e-07,-1.550749999999999906e-01
9.849849849849848062e-07,-1.550749999999999906e-01
9.869869869869869813e-07,-1.550749999999999906e-01
9.889889889889889447e-07,-1.550749999999999906e-01
9.909909909909909080e-07,-1.470349999999999990e-01
9.929929929929928713e-07,-1.470349999999999990e-01
9.949949949949948347e-07,-1.389950000000000074e-01
9.969969969969967980e-07,-1.309549999999999881e-01
9.989989989989989731e-07,-1.389950000000000074e-01
1.001001001001000936e-06,-1.309549999999999881e-01
1.003003003003002900e-06,-1.229149999999999965e-01
1.005005005005004863e-06,-1.229149999999999965e-01
1.007007007007006826e-06,-1.229149999999999965e-01
1.009009009009009002e-06,-1.229149999999999965e-01
1.011011011011010965e-06,-1.148740000000000039e-01
1.013013013013012928e-06,-1.148740000000000039e-01
1.015015015015014892e-06,-1.148740000000000039e-01
1.017017017017016855e-06,-1.068339999999999984e-01
1.019019019019018818e-06,-1.068339999999999984e-01
1.021021021021020993e-06,-1.068339999999999984e-01
1.023023023023022957e-06,-9.879400000000000681e-02
1.025025025025024920e-06,-9.879400000000000681e-02
1.027027027027026883e-06,-9.075379999999999558e-02
1.029029029029028847e-06,-9.075379999999999558e-02
1.031031031031031022e-06,-9.075379999999999558e-02
1.033033033033032985e-06,-9.075379999999999558e-02
1.035035035035034948e-06,-8.271359999999999824e-02
1.037037037037036912e-06,-8.271359999999999824e-02
1.039039039039038875e-06,-8.271359999999999824e-02
1.041041041041040838e-06,-7.467340000000000089e-02
1.043043043043043013e-06,-7.467340000000000089e-02
1.045045045045044977e-06,-7.467340000000000089e-02
1.047047047047046940e-06,-7.467340000000000089e-02
1.049049049049048903e-06,-6.663320000000000354e-02
1.051051051051050867e-06,-6.663320000000000354e-02
1.053053053053053042e-06,-5.859299999999999925e-02
1.055055055055055005e-06,-5.859299999999999925e-02
1.057057057057056969e-06,-5.859299999999999925e-02
1.059059059059058932e-06,-5.055280000000000190e-02
1.061061061061060895e-06,-5.055280000000000190e-02
1.063063063063062859e-06,-5.055280000000000190e-02
1.065065065065065034e-06,-5.055280000000000190e-02
1.067067067067066997e-06,-4.251259999999999761e-02
1.069069069069068960e-06,-4.251259999999999761e-02
1.071071071071070924e-06,-4.251259999999999761e-02
1.073073073073072887e-06,-4.251259999999999761e-02
1.075075075075075062e-06,-4.251259999999999761e-02
1.077077077077077025e-06,-4.251259999999999761e-02
1.079079079079078989e-06,-3.447240000000000026e-02
1.081081081081080952e-06,-3.447240000000000026e-02
1.083083083083082915e-06,-3.447240000000000026e-02
1.085085085085084879e-06,-3.447240000000000026e-02
1.087087087087087054e-06,-2.643219999999999945e-02
1.089089089089089017e-06,-2.643219999999999945e-02
1.091091091091090980e-06,-2.643219999999999945e-02
1.093093093093092944e-06,-2.643219999999999945e-02
1.095095095095094907e-06,-1.839199999999999863e-02
1.097097097097097082e-06,-1.839199999999999863e-02
1.099099099099099046e-06,-1.839199999999999863e-02
1.101101101101101009e-06,-1.035179999999999954e-02
1.103103103103102972e-06,-1.035179999999999954e-02
1.105105105105104936e-06,-1.839199999999999863e-02
1.107107107107106899e-06,-1.035179999999999954e-02
1.109109109109109074e-06,-1.035179999999999954e-02
1.111111111111111037e-06,-1.035179999999999954e-02
1.113113113113113001e-06,-1.035179999999999954e-02
1.115115115115114964e-06,-1.035179999999999954e-02
1.117117117117116927e-06,-1.035179999999999954e-02
1.119119119119119102e-06,-1.035179999999999954e-02
1.121121121121121066e-06,-1.035179999999999954e-02
1.123123123123123029e-06,-2.311559999999999830e-03
1.125125125125124992e-06,-1.035179999999999954e-02
1.127127127127126956e-06,-1.035179999999999954e-02
1.129129129129128919e-06,-2.311559999999999830e-03
1.131131131131131094e-06,-2.311559999999999830e-03
1.133133133133133057e-06,-2.311559999999999830e-03
1.135135135135135021e-06,-2.311559999999999830e-03
1.137137137137136984e-06,5.728630000000000180e-03
1.139139139139138947e-06,-2.311559999999999830e-03
1.141141141141141123e-06,-2.311559999999999830e-03
1.143143143143143086e-06,5.728630000000000180e-03
1.145145145145145049e-06,5.728630000000000180e-03
1.147147147147147013e-06,-2.311559999999999830e-03
1.149149149149148976e-06,5.728630000000000180e-03
1.151151151151150939e-06,-2.311559999999999830e-03
1.153153153153153114e-06,-2.311559999999999830e-03
1.155155155155155078e-06,5.728630000000000180e-03
1.157157157157157041e-06,5.728630000000000180e-03
1.159159159159159004e-06,5.728630000000000180e-03
1.161161161161160968e-06,5.728630000000000180e-03
1.163163163163163143e-06,5.728630000000000180e-03
1.165165165165165106e-06,5.728630000000000180e-03
1.167167167167167069e-06,5.728630000000000180e-03
1.169169169169169033e-06,1.376879999999999944e-02
1.171171171171170996e-06,1.376879999999999944e-02
1.173173173173172959e-06,1.376879999999999944e-02
1.175175175175175135e-06,1.376879999999999944e-02
1.177177177177177098e-06,1.376879999999999944e-02
1.179179179179179061e-06,1.376879999999999944e-02
1.181181181181181025e-06,1.376879999999999944e-02
1.183183183183182988e-06,1.376879999999999944e-02
1.185185185185185163e-06,1.376879999999999944e-02
1.187187187187187126e-06,1.376879999999999944e-02
1.189189189189189090e-06,1.376879999999999944e-02
1.191191191191191053e-06,1.376879999999999944e-02
1.193193193193193016e-06,1.376879999999999944e-02
1.195195195195194980e-06,1.376879999999999944e-02
1.197197197197197155e-06,1.376879999999999944e-02
1.199199199199199118e-06,1.376879999999999944e-02
1.201201201201201081e-06,1.376879999999999944e-02
1.203203203203203045e-06,1.376879999999999944e-02
1.205205205205205008e-06,1.376879999999999944e-02
1.207207207207207183e-06,1.376879999999999944e-02
1.209209209209209146e-06,1.376879999999999944e-02
1.211211211211211110e-06,1.376879999999999944e-02
1.213213213213213073e-06,2.180899999999999853e-02
1.215215215215215036e-06,1.376879999999999944e-02
1.217217217217217000e-06,1.376879999999999944e-02
1.219219219219219175e-06,1.376879999999999944e-02
1.221221221221221138e-06,2.180899999999999853e-02
1.223223223223223102e-06,1.376879999999999944e-02
1.225225225225225065e-06,2.180899999999999853e-02
1.227227227227227028e-06,1.376879999999999944e-02
1.229229229229229203e-06,1.376879999999999944e-02
1.231231231231231167e-06,1.376879999999999944e-02
1.233233233233233130e-06,1.376879999999999944e-02
1.235235235235235093e-06,1.376879999999999944e-02
1.237237237237237057e-06,1.376879999999999944e-02
1.239239239239239020e-06,1.376879999999999944e-02
1.241241241241241195e-06,1.376879999999999944e-02
1.243243243243243158e-06,1.376879999999999944e-02
1.245245245245245122e-06,1.376879999999999944e-02
1.247247247247247085e-06,1.376879999999999944e-02
1.249249249249249048e-06,1.376879999999999944e-02
1.251251251251251223e-06,1.376879999999999944e-02
1.253253253253253187e-06,1.376879999999999944e-02
1.255255255255255150e-06,2.180899999999999853e-02
1.257257257257257113e-06,1.376879999999999944e-02
1.259259259259259077e-06,1.376879999999999944e-02
1.261261261261261040e-06,1.376879999999999944e-02
1.263263263263263215e-06,1.376879999999999944e-02
1.265265265265265179e-06,1.376879999999999944e-02
1.267267267267267142e-06,1.376879999999999944e-02
1.269269269269269105e-06,1.376879999999999944e-02
1.271271271271271069e-06,1.376879999999999944e-02
1.273273273273273244e-06,1.376879999999999944e-02
1.275275275275275207e-06,1.376879999999999944e-02
1.277277277277277170e-06,1.376879999999999944e-02
1.279279279279279134e-06,1.376879999999999944e-02
1.281281281281281097e-06,1.376879999999999944e-02
1.283283283283283060e-06,1.376879999999999944e-02
1.285285285285285235e-06,1.376879999999999944e-02
1.287287287287287199e-06,5.728630000000000180e-03
1.289289289289289162e-06,1.376879999999999944e-02
1.291291291291291125e-06,1.376879999999999944e-02
1.293293293293293089e-06,1.376879999999999944e-02
1.295295295295295264e-06,1.376879999999999944e-02
1.297297297297297227e-06,5.728630000000000180e-03
1.299299299299299190e-06,5.728630000000000180e-03
1.301301301301301154e-06,5.728630000000000180e-03
1.303303303303303117e-06,1.376879999999999944e-02
1.305305305305305080e-06,5.728630000000000180e-03
1.307307307307307256e-06,5.728630000000000180e-03
1.309309309309309219e-06,5.728630000000000180e-03
1.311311311311311182e-06,1.376879999999999944e-02
1.313313313313313146e-06,5.728630000000000180e-03
1.315315315315315109e-06,1.376879999999999944e-02
1.317317317317317284e-06,5.728630000000000180e-03
1.319319319319319247e-06,5.728630000000000180e-03
1.321321321321321211e-06,5.728630000000000180e-03
1.323323323323323174e-06,5.728630000000000180e-03
1.325325325325325137e-06,5.728630000000000180e-03
1.327327327327327101e-06,5.728630000000000180e-03
1.329329329329329276e-06,1.376879999999999944e-02
1.331331331331331239e-06,5.728630000000000180e-03
1.333333333333333202e-06,5.728630000000000180e-03
1.335335335335335166e-06,5.728630000000000180e-03
1.337337337337337129e-06,5.728630000000000180e-03
1.339339339339339304e-06,5.728630000000000180e-03
1.341341341341341268e-06,5.728630000000000180e-03
1.343343343343343231e-06,5.728630000000000180e-03
1.345345345345345194e-06,5.728630000000000180e-03
1.347347347347347157e-06,5.728630000000000180e-03
1.349349349349349121e-06,5.728630000000000180e-03
1.351351351351351296e-06,5.728630000000000180e-03
1.353353353353353259e-06,5.728630000000000180e-03
1.355355355355355223e-06,5.728630000000000180e-03
1.357357357357357186e-06,5.728630000000000180e-03
1.359359359359359149e-06,5.728630000000000180e-03
1.361361361361361324e-06,1.376879999999999944e-02
1.363363363363363288e-06,5.728630000000000180e-03
1.365365365365365251e-06,-2.311559999999999830e-03
1.367367367367367214e-06,5.728630000000000180e-03
1.369369369369369178e-06,-2.311559999999999830e-03
1.371371371371371141e-06,5.728630000000000180e-03
1.373373373373373316e-06,5.728630000000000180e-03
1.375375375375375279e-06,5.728630000000000180e-03
1.377377377377377243e-06,5.728630000000000180e-03
1.379379379379379206e-06,5.728630000000000180e-03
1.381381381381381169e-06,5.728630000000000180e-03
1.383383383383383345e-06,-2.311559999999999830e-03
1.385385385385385308e-06,5.728630000000000180e-03
1.387387387387387271e-06,5.728630000000000180e-03
1.389389389389389235e-06,5.728630000000000180e-03
1.391391391391391198e-06,5.728630000000000180e-03
1.393393393393393161e-06,5.728630000000000180e-03
1.395395395395395336e-06,5.728630000000000180e-03
1.397397397397397300e-06,5.728630000000000180e-03
1.399399399399399263e-06,5.728630000000000180e-03
1.401401401401401226e-06,-2.311559999999999830e-03
1.403403403403403190e-06,-2.311559999999999830e-03
1.405405405405405365e-06,5.728630000000000180e-03
1.407407407407407328e-06,5.728630000000000180e-03
1.409409409409409291e-06,-2.311559999999999830e-03
1.411411411411411255e-06,5.728630000000000180e-03
1.413413413413413218e-06,5.728630000000000180e-03
1.415415415415415181e-06,5.728630000000000180e-03
1.417417417417417356e-06,5.728630000000000180e-03
1.419419419419419320e-06,5.728630000000000180e-03
1.421421421421421283e-06,-2.311559999999999830e-03
1.423423423423423246e-06,-2.311559999999999830e-03
1.425425425425425210e-06,-2.311559999999999830e-03
1.427427427427427385e-06,5.728630000000000180e-03
1.429429429429429348e-06,-2.311559999999999830e-03
1.431431431431431312e-06,5.728630000000000180e-03
1.433433433433433275e-06,5.728630000000000180e-03
1.435435435435435238e-06,5.728630000000000180e-03
1.437437437437437202e-06,5.728630000000000180e-03
1.439439439439439377e-06,5.728630000000000180e-03
1.441441441441441340e-06,-2.311559999999999830e-03
1.443443443443443303e-06,5.728630000000000180e-03
1.445445445445445267e-06,-2.311559999999999830e-03
1.447447447447447230e-06,5.728630000000000180e-03
1.449449449449449405e-06,5.728630000000000180e-03
1.451451451451451368e-06,5.728630000000000180e-03
1.453453453453453332e-06,-2.311559999999999830e-03
1.455455455455455295e-06,-2.311559999999999830e-03
1.457457457457457258e-06,-2.311559999999999830e-03
1.459459459459459222e-06,-2.311559999999999830e-03
1.461461461461461397e-06,-2.311559999999999830e-03
1.463463463463463360e-06,-2.311559999999999830e-03
1.465465465465465323e-06,-2.311559999999999830e-03
1.467467467467467287e-06,5.728630000000000180e-03
1.469469469469469250e-06,-2.311559999999999830e-03
1.471471471471471425e-06,-2.311559999999999830e-03
1.473473473473473389e-06,5.728630000000000180e-03
1.475475475475475352e-06,5.728630000000000180e-03
1.477477477477477315e-06,-2.311559999999999830e-03
1.479479479479479279e-06,-2.311559999999999830e-03
1.481481481481481242e-06,-2.311559999999999830e-03
1.483483483483483417e-06,-2.311559999999999830e-03
1.485485485485485380e-06,5.728630000000000180e-03
1.487487487487487344e-06,-2.311559999999999830e-03
1.489489489489489307e-06,5.728630000000000180e-03
1.491491491491491270e-06,-2.311559999999999830e-03
1.493493493493493445e-06,5.728630000000000180e-03
1.495495495495495409e-06,5.728630000000000180e-03
1.497497497497497372e-06,-2.311559999999999830e-03
1.499499499499499335e-06,-2.311559999999999830e-03
1.501501501501501299e-06,5.728630000000000180e-03
1.503503503503503262e-06,-2.311559999999999830e-03
1.505505505505505437e-06,5.728630000000000180e-03
1.507507507507507400e-06,5.728630000000000180e-03
1.509509509509509364e-06,5.728630000000000180e-03
1.511511511511511327e-06,5.728630000000000180e-03
1.513513513513513290e-06,5.728630000000000180e-03
1.515515515515515466e-06,-2.311559999999999830e-03
1.517517517517517429e-06,-2.311559999999999830e-03
1.519519519519519392e-06,-2.311559999999999830e-03
1.521521521521521356e-06,5.728630000000000180e-03
1.523523523523523319e-06,-2.311559999999999830e-03
1.525525525525525282e-06,-2.311559999999999830e-03
1.527527527527527457e-06,-2.311559999999999830e-03
1.529529529529529421e-06,-2.311559999999999830e-03
1.531531531531531384e-06,-2.311559999999999830e-03
1.533533533533533347e-06,-2.311559999999999830e-03
1.535535535535535311e-06,-2.311559999999999830e-03
1.537537537537537486e-06,-2.311559999999999830e-03
1.539539539539539449e-06,5.728630000000000180e-03
1.541541541541541412e-06,-2.311559999999999830e-03
1.543543543543543376e-06,-2.311559999999999830e-03
1.545545545545545339e-06,-2.311559999999999830e-03
1.547547547547547302e-06,5.728630000000000180e-03
1.549549549549549478e-06,-2.311559999999999830e-03
1.551551551551551441e-06,-2.311559999999999830e-03
1.553553553553553404e-06,5.728630000000000180e-03
1.555555555555555368e-06,-2.311559999999999830e-03
1.557557557557557331e-06,-2.311559999999999830e-03
1.559559559559559294e-06,-2.311559999999999830e-03
1.561561561561561469e-06,-2.311559999999999830e-03
1.563563563563563433e-06,-2.311559999999999830e-03
1.565565565565565396e-06,5.728630000000000180e-03
1.567567567567567359e-06,-2.311559999999999830e-03
1.569569569569569323e-06,-2.311559999999999830e-03
1.571571571571571498e-06,5.728630000000000180e-03
1.573573573573573461e-06,-2.311559999999999830e-03
1.575575575575575424e-06,-2.311559999999999830e-03
1.577577577577577388e-06,5.728630000000000180e-03
1.579579579579579351e-06,-2.311559999999999830e-03
1.581581581581581314e-06,5.728630000000000180e-03
1.583583583583583489e-06,5.728630000000000180e-03
1.585585585585585453e-06,5.728630000000000180e-03
1.587587587587587416e-06,5.728630000000000180e-03
1.589589589589589379e-06,-2.311559999999999830e-03
1.591591591591591343e-06,-2.311559999999999830e-03
1.593593593593593518e-06,-2.311559999999999830e-03
1.595595595595595481e-06,-2.311559999999999830e-03
1.597597597597597445e-06,-2.311559999999999830e-03
1.599599599599599408e-06,-2.311559999999999830e-03
1.601601601601601371e-06,-2.311559999999999830e-03
1.603603603603603335e-06,-2.311559999999999830e-03
1.605605605605605510e-06,-2.311559999999999830e-03
1.607607607607607473e-06,-2.311559999999999830e-03
1.609609609609609436e-06,-2.311559999999999830e-03
1.611611611611611400e-06,5.728630000000000180e-03
1.613613613613613363e-06,-2.311559999999999830e-03
1.615615615615615538e-06,-2.311559999999999830e-03
1.617617617617617501e-06,-2.311559999999999830e-03
1.619619619619619465e-06,-2.311559999999999830e-03
1.621621621621621428e-06,-2.311559999999999830e-03
1.623623623623623391e-06,-2.311559999999999830e-03
1.625625625625625355e-06,-2.311559999999999830e-03
1.627627627627627530e-06,-2.311559999999999830e-03
1.629629629629629493e-06,-2.311559999999999830e-03
1.631631631631631456e-06,-2.311559999999999830e-03
1.633633633633633420e-06,-2.311559999999999830e-03
1.635635635635635383e-06,-2.311559999999999830e-03
1.637637637637637558e-06,-2.311559999999999830e-03
1.639639639639639522e-06,-2.311559999999999830e-03
1.641641641641641485e-06,-2.311559999999999830e-03
1.643643643643643448e-06,-1.035179999999999954e-02
1.645645645645645412e-06,-1.035179999999999954e-02
1.647647647647647375e-06,-1.035179999999999954e-02
1.649649649649649550e-06,-1.839199999999999863e-02
1.651651651651651513e-06,-1.839199999999999863e-02
1.653653653653653477e-06,-1.839199999999999863e-02
1.655655655655655440e-06,-1.839199999999999863e-02
1.657657657657657403e-06,-1.839199999999999863e-02
1.659659659659659578e-06,-2.643219999999999945e-02
1.661661661661661542e-06,-2.643219999999999945e-02
1.663663663663663505e-06,-2.643219999999999945e-02
1.665665665665665468e-06,-3.447240000000000026e-02
1.667667667667667432e-06,-3.447240000000000026e-02
1.669669669669669395e-06,-3.447240000000000026e-02
1.671671671671671570e-06,-4.251259999999999761e-02
1.673673673673673533e-06,-3.447240000000000026e-02
1.675675675675675497e-06,-4.251259999999999761e-02
1.677677677677677460e-06,-4.251259999999999761e-02
1.679679679679679423e-06,-4.251259999999999761e-02
1.681681681681681599e-06,-5.055280000000000190e-02
1.683683683683683562e-06,-5.055280000000000190e-02
1.685685685685685525e-06,-5.055280000000000190e-02
1.687687687687687489e-06,-5.055280000000000190e-02
1.689689689689689452e-06,-5.859299999999999925e-02
1.691691691691691415e-06,-5.859299999999999925e-02
1.693693693693693590e-06,-5.859299999999999925e-02
1.695695695695695554e-06,-5.859299999999999925e-02
1.697697697697697517e-06,-6.663320000000000354e-02
1.699699699699699480e-06,-6.663320000000000354e-02
1.701701701701701444e-06,-6.663320000000000354e-02
1.703703703703703619e-06,-6.663320000000000354e-02
1.705705705705705582e-06,-7.467340000000000089e-02
1.707707707707707545e-06,-6.663320000000000354e-02
1.709709709709709509e-06,-6.663320000000000354e-02
1.711711711711711472e-06,-6.663320000000000354e-02
1.713713713713713435e-06,-6.663320000000000354e-02
1.715715715715715611e-06,-7.467340000000000089e-02
1.717717717717717574e-06,-7.467340000000000089e-02
1.719719719719719537e-06,-7.467340000000000089e-02
1.721721721721721501e-06,-7.467340000000000089e-02
1.723723723723723464e-06,-7.467340000000000089e-02
1.725725725725725639e-06,-7.467340000000000089e-02
1.727727727727727602e-06,-7.467340000000000089e-02
1.729729729729729566e-06,-7.467340000000000089e-02
1.731731731731731529e-06,-7.467340000000000089e-02
1.733733733733733492e-06,-7.467340000000000089e-02
1.735735735735735456e-06,-8.271359999999999824e-02
1.737737737737737631e-06,-8.271359999999999824e-02
1.739739739739739594e-06,-7.467340000000000089e-02
1.741741741741741557e-06,-7.467340000000000089e-02
1.743743743743743521e-06,-7.467340000000000089e-02
1.745745745745745484e-06,-7.467340000000000089e-02
1.747747747747747659e-06,-7.467340000000000089e-02
1.749749749749749622e-06,-8.271359999999999824e-02
1.751751751751751586e-06,-7.467340000000000089e-02
1.753753753753753549e-06,-7.467340000000000089e-02
1.755755755755755512e-06,-8.271359999999999824e-02
1.757757757757757476e-06,-8.271359999999999824e-02
1.759759759759759651e-06,-8.271359999999999824e-02
1.761761761761761614e-06,-8.271359999999999824e-02
1.763763763763763578e-06,-8.271359999999999824e-02
1.765765765765765541e-06,-8.271359999999999824e-02
1.767767767767767504e-06,-8.271359999999999824e-02
1.769769769769769679e-06,-8.271359999999999824e-02
1.771771771771771643e-06,-9.075379999999999558e-02
1.773773773773773606e-06,-9.075379999999999558e-02
1.775775775775775569e-06,-9.075379999999999558e-02
1.777777777777777533e-06,-9.075379999999999558e-02
1.779779779779779496e-06,-9.879400000000000681e-02
1.781781781781781671e-06,-9.879400000000000681e-02
1.783783783783783634e-06,-9.879400000000000681e-02
1.785785785785785598e-06,-9.879400000000000681e-02
1.787787787787787561e-06,-1.068339999999999984e-01
1.789789789789789524e-06,-1.068339999999999984e-01
1.791791791791791699e-06,-1.068339999999999984e-01
1.793793793793793663e-06,-1.068339999999999984e-01
1.795795795795795626e-06,-1.148740000000000039e-01
1.797797797797797589e-06,-1.148740000000000039e-01
1.799799799799799553e-06,-1.148740000000000039e-01
1.801801801801801516e-06,-1.148740000000000039e-01
1.803803803803803691e-06,-1.148740000000000039e-01
1.805805805805805655e-06,-1.229149999999999965e-01
1.807807807807807618e-06,-1.229149999999999965e-01
1.809809809809809581e-06,-1.229149999999999965e-01
1.811811811811811545e-06,-1.229149999999999965e-01
1.813813813813813720e-06,-1.229149999999999965e-01
1.815815815815815683e-06,-1.229149999999999965e-01
1.817817817817817646e-06,-1.229149999999999965e-01
1.819819819819819610e-06,-1.309549999999999881e-01
1.821821821821821573e-06,-1.309549999999999881e-01
1.823823823823823536e-06,-1.309549999999999881e-01
1.825825825825825711e-06,-1.229149999999999965e-01
1.827827827827827675e-06,-1.229149999999999965e-01
1.829829829829829638e-06,-1.309549999999999881e-01
1.831831831831831601e-06,-1.229149999999999965e-01
1.833833833833833565e-06,-1.229149999999999965e-01
1.835835835835835740e-06,-1.229149999999999965e-01
1.837837837837837703e-06,-1.229149999999999965e-01
1.839839839839839666e-06,-1.309549999999999881e-01
1.841841841841841630e-06,-1.229149999999999965e-01
1.843843843843843593e-06,-1.229149999999999965e-01
1.845845845845845556e-06,-1.229149999999999965e-01
1.847847847847847732e-06,-1.229149999999999965e-01
1.849849849849849695e-06,-1.309549999999999881e-01
1.851851851851851658e-06,-1.229149999999999965e-01
1.853853853853853622e-06,-1.229149999999999965e-01
1.855855855855855585e-06,-1.229149999999999965e-01
1.857857857857857760e-06,-1.148740000000000039e-01
1.859859859859859723e-06,-1.229149999999999965e-01
1.861861861861861687e-06,-1.148740000000000039e-01
1.863863863863863650e-06,-1.148740000000000039e-01
1.865865865865865613e-06,-1.229149999999999965e-01
1.867867867867867577e-06,-1.229149999999999965e-01
1.869869869869869752e-06,-1.229149999999999965e-01
1.871871871871871715e-06,-1.309549999999999881e-01
1.873873873873873678e-06,-1.229149999999999965e-01
1.875875875875875642e-06,-1.309549999999999881e-01
1.877877877877877605e-06,-1.309549999999999881e-01
1.879879879879879780e-06,-1.309549999999999881e-01
1.881881881881881744e-06,-1.309549999999999881e-01
1.883883883883883707e-06,-1.309549999999999881e-01
1.885885885885885670e-06,-1.389950000000000074e-01
1.887887887887887634e-06,-1.389950000000000074e-01
1.889889889889889597e-06,-1.389950000000000074e-01
1.891891891891891772e-06,-1.389950000000000074e-01
1.893893893893893735e-06,-1.389950000000000074e-01
1.895895895895895699e-06,-1.389950000000000074e-01
1.897897897897897662e-06,-1.389950000000000074e-01
1.899899899899899625e-06,-1.389950000000000074e-01
1.901901901901901800e-06,-1.389950000000000074e-01
1.903903903903903764e-06,-1.389950000000000074e-01
1.905905905905905727e-06,-1.389950000000000074e-01
1.907907907907907902e-06,-1.389950000000000074e-01
1.909909909909909865e-06,-1.470349999999999990e-01
1.911911911911911829e-06,-1.389950000000000074e-01
1.913913913913913792e-06,-1.389950000000000074e-01
1.915915915915915755e-06,-1.470349999999999990e-01
1.917917917917917719e-06,-1.470349999999999990e-01
1.919919919919919682e-06,-1.389950000000000074e-01
1.921921921921921645e-06,-1.389950000000000074e-01
1.923923923923923609e-06,-1.389950000000000074e-01
1.925925925925925572e-06,-1.389950000000000074e-01
1.927927927927927535e-06,-1.389950000000000074e-01
1.929929929929929922e-06,-1.389950000000000074e-01
1.931931931931931886e-06,-1.389950000000000074e-01
1.933933933933933849e-06,-1.389950000000000074e-01
1.935935935935935812e-06,-1.389950000000000074e-01
1.937937937937937776e-06,-1.389950000000000074e-01
1.939939939939939739e-06,-1.389950000000000074e-01
1.941941941941941702e-06,-1.389950000000000074e-01
1.943943943943943666e-06,-1.389950000000000074e-01
1.945945945945945629e-06,-1.309549999999999881e-01
1.947947947947947592e-06,-1.389950000000000074e-01
1.949949949949949556e-06,-1.389950000000000074e-01
1.951951951951951942e-06,-1.309549999999999881e-01
1.953953953953953906e-06,-1.309549999999999881e-01
1.955955955955955869e-06,-1.309549999999999881e-01
1.957957957957957832e-06,-1.309549999999999881e-01
1.959959959959959796e-06,-1.229149999999999965e-01
1.961961961961961759e-06,-1.229149999999999965e-01
1.963963963963963722e-06,-1.229149999999999965e-01
1.965965965965965686e-06,-1.229149999999999965e-01
1.967967967967967649e-06,-1.229149999999999965e-01
1.969969969969969612e-06,-1.229149999999999965e-01
1.971971971971971576e-06,-1.229149999999999965e-01
1.973973973973973963e-06,-1.148740000000000039e-01
1.975975975975975926e-06,-1.148740000000000039e-01
1.977977977977977889e-06,-1.148740000000000039e-01
1.979979979979979853e-06,-1.148740000000000039e-01
1.981981981981981816e-06,-1.148740000000000039e-01
1.983983983983983779e-06,-1.068339999999999984e-01
1.985985985985985743e-06,-1.068339999999999984e-01
1.987987987987987706e-06,-1.068339999999999984e-01
1.989989989989989669e-06,-1.068339999999999984e-01
1.991991991991991633e-06,-1.068339999999999984e-01
1.993993993993993596e-06,-1.068339999999999984e-01
1.995995995995995983e-06,-9.879400000000000681e-02
1.997997997997997946e-06,-9.879400000000000681e-02
1.999999999999999909e-06,-9.879400000000000681e-02
